12064107
12064152
12064121
12063984
12064115
12064131
79187608916257
79187608916257
135345543970829
130684897818024
134117814265945
128019898265074
148943390
148943362
148943404
148943339
148943379
148943410
2240134413
2240136039
2240130790
2240133550
2240132643
2240135222
159454299
159454296
159454293
159454286
159454300
159454288
73252679982122
101074061181553
112572775732134
126931573973019
135908172504233
124514468649717
6593929026
6593930140
6593931249
6593932587
6593933789
6593935319
401664839
401664862
401664960
401664881
401664901
401664936
264908339
264907909
264909420
264909758
264908886
264907379
570557514
570557775
570557559
570557620
570557672
570557727
